%%Ex 2

%a)

  H = [  0  0.5 1/3 0.25  0  ;
        0.5  0   0  0.25 0.5 ;
        0.5 0.5 1/3 0.25  0  ;
         0   0   0   0   0.5 ;
         0   0  1/3 0.25  0  ];
         
  N = ones(5,5)./5;

  A = 0.8 * H + (1-0.8) * N


%b)
  
  x0 = ones(5,1)./5;
  
  x10 = A^10 * x0